0 392.0513086097124
1 328.39411235514007
2 280.7636528517328
3 222.3086111633934
4 167.08088023398216
5 122.25852968042416
6 91.33745660406387
7 64.90370980506069
8 48.69454497175134
9 35.91720035150896
10 31.176912915752684
11 26.557288860912987
12 23.368452927950873
13 21.41187414549109
14 19.636138042264275
15 17.672728791927106
16 16.297741741918014
17 14.870047667641975
18 13.865137370691448
19 13.374980791965614
20 12.74686961744766
21 12.230129244339562
22 11.864750481005041
23 11.286404220788862
24 10.78087439676542
25 10.580237448400968
26 9.680132679775808
27 9.529583890982497
28 9.595011760266468
29 8.851525437712883
30 8.423501555076815
31 8.238600489670395
32 7.908498274635102
33 7.68764419962667
34 7.581514133456015
35 7.655183667941123
36 8.622762190095226
37 6.799980885937775
38 6.64784117335424
39 7.622918736670136
40 6.172257738952772
41 6.2550908683722435
42 6.184533800675387
43 5.493844830261049
44 5.345548147876722
45 5.83811764012788
46 5.360190039938146
47 5.554832217025217
48 4.7796626182177135
49 4.83730771918996
50 4.48714779019198
51 4.64319347437609
52 4.817255927303801
53 4.28637636469782
54 4.231858603810314
55 4.0951188621103745
56 4.2676749587770875
57 4.085047426442955
58 3.817837657953806
59 3.744796502799021
60 3.944282851942603
61 3.5749584049109187
62 3.773888585974105
63 3.813277058667933
64 3.72560241400209
65 3.2421051346764225
66 3.2213200848234136
67 3.260076064450336
68 3.247803030422944
69 3.132662358106751
70 3.214726804305589
71 2.983795504998447
72 2.996821373694068
73 2.975977529574538
74 2.914120771372902
75 2.912136520808527
76 2.751847918106045
77 2.840903484294867
78 2.707238144978454
79 2.5921026365853352
80 2.942582484148399
81 2.688258218460402
82 2.4866124431155563
83 2.699920087790784
84 2.99249994970907
85 2.484118466649554
86 2.3857012453656257
87 2.501285489962451
88 2.4074969900340832
89 2.3346042524891177
90 2.259081325725357
91 2.389460716319075
92 2.2826798944685933
93 2.2418653207470656
94 2.2541856342467423
95 2.1865354500472876
96 2.1516854050636147
97 2.0644800265665872
98 2.1023538874425975
99 2.067516044294558
