0 366.6810116542319
1 1.98924111876900288E17
2 5.086658842565622E33
3 3.279471852204861E41
4 8.330358551285559E52
5 6.002463793815014E63
6 8.05914394393672E74
7 2.7654603786411036E87
8 2.6277018049178365E105
9 1.821036391965614E117
10 3.4844699990807015E123
11 2.552458780764193E133
12 4.550808735542529E149
13 1.0379185094416502E159
14 8.726839901609556E165
15 1.669961016409685E176
16 8.83372280433757E186
17 1.971322130307611E196
18 2.333483099058188E201
19 1.7405617397392756E209
20 1.4376784867716598E219
21 1.1621411945576204E228
22 2.663611054924128E238
23 5.516770286287366E248
24 1.9011428635798198E255
25 NaN
26 NaN
27 NaN
28 NaN
29 NaN
30 NaN
31 NaN
32 NaN
33 NaN
34 NaN
35 NaN
36 NaN
37 NaN
38 NaN
39 NaN
40 NaN
41 NaN
42 NaN
43 NaN
44 NaN
45 NaN
46 NaN
47 NaN
48 NaN
49 NaN
50 NaN
51 NaN
52 NaN
53 NaN
54 NaN
55 NaN
56 NaN
57 NaN
58 NaN
59 NaN
60 NaN
61 NaN
62 NaN
63 NaN
64 NaN
65 NaN
66 NaN
67 NaN
68 NaN
69 NaN
70 NaN
71 NaN
72 NaN
73 NaN
74 NaN
75 NaN
76 NaN
77 NaN
78 NaN
79 NaN
80 NaN
81 NaN
82 NaN
83 NaN
84 NaN
85 NaN
86 NaN
87 NaN
88 NaN
89 NaN
90 NaN
91 NaN
92 NaN
93 NaN
94 NaN
95 NaN
96 NaN
97 NaN
98 NaN
99 NaN

