0 382.0981324133812
1 381.4761707115511
2 380.7887324945091
3 380.01903450796027
4 379.27846949674574
5 378.5686408425955
6 378.01269330220754
7 377.4581905513312
8 376.94381771881376
9 376.2820709189904
10 375.5481260240974
11 374.83814892915325
12 374.2664540839258
13 373.74033967533626
14 373.1489335839921
15 372.7140803347976
16 371.92224934530003
17 371.3351418337493
18 370.89402543260906
19 370.3874918973579
20 369.7682338101392
21 369.1173785523881
22 368.5182894052888
23 367.97238388796467
24 367.2896173571223
25 366.7717442521054
26 366.31098326944834
27 365.74431857251903
28 365.1648681077845
29 364.7340433068819
30 364.0315254557504
31 363.4035428795024
32 362.82025844840194
33 362.26457588434255
34 361.8575961633105
35 361.3626314998233
36 360.72835954790645
37 360.0224705245989
38 359.50571958980106
39 359.05752044162017
40 358.51963684979995
41 357.7859483656468
42 357.47648712805625
43 356.91702031550096
44 355.95497490382087
45 355.30042992681655
46 354.6120920872242
47 353.9606743298047
48 353.43235796017905
49 352.8951657859896
50 352.22526591622886
51 351.5862729635736
52 351.10551036177594
53 350.6146879930919
54 350.01010987098095
55 349.56554902537204
56 349.162484136049
57 348.6177401949871
58 348.0655881448717
59 347.5776930454672
60 347.02497122244085
61 346.79932257733657
62 346.18996499149165
63 345.52706180073335
64 344.96975033825595
65 344.47250537421536
66 343.83698508784596
67 343.40593523854875
68 342.9778710192794
69 342.66846710856214
70 342.3066290368403
71 341.7463168670754
72 341.2466617486841
73 340.5550903053048
74 340.01102134726574
75 339.4809415096811
76 338.9313880478261
77 338.3506856636211
78 337.802303545408
79 337.31766840554593
80 336.57717018278055
81 335.97772590549397
82 335.4582051770244
83 334.76203444347834
84 334.19212985983086
85 333.664925387538
86 333.22738091061984
87 332.6996001648332
88 332.1562437073373
89 331.563895237242
90 331.0925050237552
91 330.4555326301644
92 329.75719184784083
93 329.32717176979014
94 328.8313143198472
95 328.3549965095696
96 327.67965600996575
97 327.26249381378693
98 326.75739879172386
99 326.350104433055
