0 398.3807015376882
1 352.279410181687
2 311.26449320441526
3 253.53615133636475
4 203.46540301055325
5 161.80693081733776
6 127.54415163372366
7 85.13345659936645
8 67.05481441692467
9 52.898945715590365
10 41.20576681447682
11 35.65659035958224
12 30.687330439827786
13 27.126626287769582
14 22.671216025237293
15 21.2151456982053
16 19.294838300704946
17 17.32226393568705
18 16.408745263963493
19 14.620643365034502
20 13.849650439414798
21 12.945470358843078
22 12.390525656584558
23 11.562464343433838
24 11.12164673973895
25 10.595395445606073
26 10.268057806219147
27 9.934974507424853
28 9.744917250975174
29 9.41857590157901
30 9.197936495096668
31 8.807064005597068
32 8.70829348581199
33 8.518786750299428
34 8.176524598128346
35 8.047696241379414
36 7.813419339821788
37 7.80404724958692
38 7.552522034102229
39 7.374797542225951
40 7.219008498317998
41 7.017067326580285
42 6.974010703705923
43 6.701238854073503
44 6.549351996160088
45 6.439461965069944
46 6.44567283461171
47 6.350706498117459
48 6.2228361679645126
49 6.06616732650256
50 5.911044446422533
51 5.7822739738418605
52 5.602623515169469
53 5.627763220365555
54 5.553883216841319
55 5.186980284624797
56 5.2061104873494415
57 5.050748882292993
58 4.701711894222244
59 4.589005311367002
60 4.671263384070831
61 4.340418526594257
62 4.309913462620089
63 4.364289161291353
64 3.979636559908872
65 3.829711334322401
66 3.729432426712897
67 3.6107029426204855
68 3.464962865377408
69 3.4774902389910367
70 3.317135362805724
71 3.2519590257957374
72 3.2479030827334645
73 3.4339424529324005
74 3.1231023238174447
75 2.9998083253012027
76 2.9853438399376233
77 2.9250371735546694
78 2.8952646922934586
79 2.947594459753546
80 2.7857319439293207
81 2.7581733395303654
82 2.8658913719749126
83 2.6723803254747027
84 2.7074119435670116
85 2.627080051594375
86 2.5899652429596935
87 2.569436836413512
88 2.515154812432341
89 2.4726306265398734
90 2.5485250671247455
91 2.4313520373223247
92 2.403540304572862
93 2.4256956756498895
94 2.389970125413728
95 2.3986200551582986
96 2.315778873341841
97 2.2917497121351995
98 2.260490141847034
99 2.30881058379428

