-4.0 -4.0 2.5579135481101787
-4.0 -3.0 0.6994943778916003
-4.0 -2.0 -0.445926747092793
-4.0 -1.0 -0.5215244862124355
-4.0 0.0 1.7969629025977518
-4.0 1.0 5.20604568382311
-4.0 2.0 6.932121584192451
-4.0 3.0 6.869620954159409
-4.0 4.0 5.517679116720444
-3.0 -4.0 5.94612320624919
-3.0 -3.0 2.60384177585275
-3.0 -2.0 -0.3059592740758479
-3.0 -1.0 -2.4735868375033307
-3.0 0.0 -2.3297089741312966
-3.0 1.0 -0.7515520355838845
-3.0 2.0 -0.8999189229981894
-3.0 3.0 -3.2160250411080185
-3.0 4.0 -7.235665103081217
-2.0 -4.0 4.892149200940107
-2.0 -3.0 1.7448881021463283
-2.0 -2.0 -1.2491143868680288
-2.0 -1.0 -3.833303978632575
-2.0 0.0 -4.149005207610161
-2.0 1.0 -2.3281955711667486
-2.0 2.0 -2.0040482792478826
-2.0 3.0 -4.150010402081776
-2.0 4.0 -8.364076413379266
-1.0 -4.0 2.739622860350713
-1.0 -3.0 0.42595274744556555
-1.0 -2.0 -2.0852762028297764
-1.0 -1.0 -4.6047414046452735
-1.0 0.0 -5.116140392242832
-1.0 1.0 -2.065881238807375
-1.0 2.0 0.6117512852689906
-1.0 3.0 0.7147235591401113
-1.0 4.0 -1.5592437889232684
0.0 -4.0 2.423991378953266
0.0 -3.0 1.600442007008021
0.0 -2.0 -0.11476407601744398
0.0 -1.0 -2.6342274010042446
0.0 0.0 -4.697920938187981
0.0 1.0 -3.1835867590220115
0.0 2.0 0.583049818883218
0.0 3.0 2.954347188109196
0.0 4.0 2.944532850254099
1.0 -4.0 -2.705399534941538
1.0 -3.0 -0.3566938527138781
1.0 -2.0 0.47321841248340846
1.0 -1.0 -0.29805025725586454
1.0 0.0 -2.2475795019932763
1.0 1.0 -3.0746493804809267
1.0 2.0 -1.560025558946518
1.0 3.0 0.02167468030057229
1.0 4.0 0.013596464698327537
2.0 -4.0 -7.236133010273804
2.0 -3.0 -2.169758363439911
2.0 -2.0 0.7688688242355859
2.0 -1.0 1.1689013722819137
2.0 0.0 -0.7553678069000203
2.0 1.0 -2.642677138360473
2.0 2.0 -2.3761245967095035
2.0 3.0 -1.628341295971624
2.0 4.0 -1.9212410286090236
3.0 -4.0 -8.735689243169844
3.0 -3.0 -2.7759816133434754
3.0 -2.0 0.7646728660120594
3.0 -1.0 1.1772961663061867
3.0 0.0 -0.9556119233988909
3.0 1.0 -2.355609741323744
3.0 2.0 -0.7665299752506565
3.0 3.0 1.8037916219165027
3.0 4.0 3.7716373616801606
4.0 -4.0 -1.9996861988553576
4.0 -3.0 2.6832284997758293
4.0 -2.0 4.974500525428272
4.0 -1.0 3.8523222591915918
4.0 0.0 -0.07560108536956367
4.0 1.0 -2.7267384417160083
4.0 2.0 -1.213911448989843
4.0 3.0 2.1479558646729036
4.0 4.0 5.501813334535944
