-4.0 0.9939131278619365 
-3.0 0.9846578548458023 
-2.0 0.9618695526203115 
-1.0 0.9083823024590091 
0.0 0.7957948021366549 
1.0 0.605011578017159 
2.0 0.375795313389548 
3.0 0.19135052492870844 
4.0 0.08509254801673628 
-4.0 0.9939131278619365 
-3.0 0.9846578548458023 
-2.0 0.9618695526203115 
-1.0 0.9083823024590091 
0.0 0.7957948021366549 
1.0 0.605011578017159 
2.0 0.375795313389548 
3.0 0.19135052492870844 
4.0 0.08509254801673628 
-4.0 0.9939131278619365 
-3.0 0.9846578548458023 
-2.0 0.9618695526203115 
-1.0 0.9083823024590091 
0.0 0.7957948021366549 
1.0 0.605011578017159 
2.0 0.375795313389548 
3.0 0.19135052492870844 
4.0 0.08509254801673628 
-4.0 0.9939131278619365 
-3.0 0.9846578548458023 
-2.0 0.9618695526203115 
-1.0 0.9083823024590091 
0.0 0.7957948021366549 
1.0 0.605011578017159 
2.0 0.375795313389548 
3.0 0.19135052492870844 
4.0 0.08509254801673628 
-4.0 0.9939131278619365 
-3.0 0.9846578548458023 
-2.0 0.9618695526203115 
-1.0 0.9083823024590091 
0.0 0.7957948021366549 
1.0 0.605011578017159 
2.0 0.375795313389548 
3.0 0.19135052492870844 
4.0 0.08509254801673628 
-4.0 0.9939131278619365 
-3.0 0.9846578548458023 
-2.0 0.9618695526203115 
-1.0 0.9083823024590091 
0.0 0.7957948021366549 
1.0 0.605011578017159 
2.0 0.375795313389548 
3.0 0.19135052492870844 
4.0 0.08509254801673628 
-4.0 0.9939131278619365 
-3.0 0.9846578548458023 
-2.0 0.9618695526203115 
-1.0 0.9083823024590091 
0.0 0.7957948021366549 
1.0 0.605011578017159 
2.0 0.375795313389548 
3.0 0.19135052492870844 
4.0 0.08509254801673628 
-4.0 0.9939131278619365 
-3.0 0.9846578548458023 
-2.0 0.9618695526203115 
-1.0 0.9083823024590091 
0.0 0.7957948021366549 
1.0 0.605011578017159 
2.0 0.375795313389548 
3.0 0.19135052492870844 
4.0 0.08509254801673628 
-4.0 0.9939131278619365 
-3.0 0.9846578548458023 
-2.0 0.9618695526203115 
-1.0 0.9083823024590091 
0.0 0.7957948021366549 
1.0 0.605011578017159 
2.0 0.375795313389548 
3.0 0.19135052492870844 
4.0 0.08509254801673628 
