-4.0 0.7320879067768543 0.15371574250108977 
-3.9 0.6872751532639654 0.15954917885552283 
-3.8 0.638666333044322 0.1655606828936789 
-3.6999999999999997 0.5870418014082925 0.17175240142053508 
-3.5999999999999996 0.5334297982931542 0.1781262499499031 
-3.4999999999999996 0.479034376605766 0.18468389277035446 
-3.3999999999999995 0.42513160153114027 0.19142672284082124 
-3.2999999999999994 0.3729520752039498 0.19835584164148368 
-3.1999999999999993 0.323572139076896 0.20547203911758813 
-3.099999999999999 0.27783336184299623 0.2127757738654451 
-2.999999999999999 0.23630140497636665 0.22026715372081357 
-2.899999999999999 0.19926479433697147 0.22794591691993915 
-2.799999999999999 0.16676550807073845 0.23581141401243222 
-2.699999999999999 0.13864893177982157 0.2438625907126702 
-2.5999999999999988 0.11462069499295376 0.25209797188224004 
-2.4999999999999987 0.09430072481253933 0.2605156468398159 
-2.3999999999999986 0.07726869956295974 0.2691132561965529 
-2.2999999999999985 0.06309858019067249 0.27788798041432994 
-2.1999999999999984 0.051382380021945055 0.28683653028076506 
-2.0999999999999983 0.041744723489643615 0.29595513948869356 
-1.9999999999999982 0.03385027066377548 0.3052395594985746 
-1.8999999999999981 0.027406060234582304 0.31468505684999887 
-1.799999999999998 0.022160520463290385 0.3242864130730548 
-1.699999999999998 0.017900502272115495 0.3340379273317975 
-1.5999999999999979 0.014447307502111133 0.34393342191053583 
-1.4999999999999978 0.011652366454237431 0.35396625062926823 
-1.3999999999999977 0.009392974662909 0.364129310247578 
-1.2999999999999976 0.0075683237991438865 0.37441505488694965 
-1.1999999999999975 0.006095942894380695 0.3848155134701588 
-1.0999999999999974 0.004908589834024048 0.395322310143545 
-0.9999999999999974 0.003951587052433342 0.40592668761411094 
-0.8999999999999975 0.003180569868992382 0.41661953329903395 
-0.7999999999999975 0.002559603754011338 0.42739140815091237 
-0.6999999999999975 0.0020596229370748458 0.4382325779885176 
-0.5999999999999975 0.0016571437352694408 0.4491330471305927 
-0.49999999999999756 0.0013332095395863618 0.46008259409995567 
-0.3999999999999976 0.0010725291401798955 0.4710708091374218 
-0.2999999999999976 8.627751413832628E-4 0.48208713324041436 
-0.1999999999999976 6.940141293696636E-4 0.4931208984200983 
-0.09999999999999759 5.582447569095806E-4 0.5041613688538794 
2.4147350785597155E-15 4.490238925675853E-4 0.51519778259753 
0.10000000000000242 3.6116442258157187E-4 0.5262193935132965 
0.20000000000000243 2.9049121640402543E-4 0.5372155130672827 
0.30000000000000243 2.3364421888466132E-4 0.548175551651255 
0.40000000000000246 1.8791967013618687E-4 0.5590890590907438 
0.5000000000000024 1.5114213619648912E-4 0.5699457640127653 
0.6000000000000024 1.2156141432235308E-4 0.5807356117624218 
0.7000000000000024 9.776950531996455E-5 0.5914488005777233 
0.8000000000000024 7.863376472998872E-5 0.6020758157557644 
0.9000000000000024 6.324309174903765E-5 0.6126074615704311 
1.0000000000000024 5.086462053950862E-5 0.6230348907315156 
1.1000000000000025 4.090886897455129E-5 0.633349631206932 
1.2000000000000026 3.2901696341057714E-5 0.6435436102630033 
1.3000000000000027 2.6461741734623384E-5 0.6536091756119418 
1.4000000000000028 2.1282273281667285E-5 0.663539113590027 
1.5000000000000029 1.711658670774249E-5 0.6733266643240349 
1.600000000000003 1.3766259729679033E-5 0.682965533876602 
1.700000000000003 1.1071704067065958E-5 0.6924499033929525 
1.8000000000000032 8.904565851736493E-6 0.7017744353012695 
1.9000000000000032 7.161612963353144E-6 0.7109342766466288 
2.000000000000003 5.75981845639847E-6 0.7199250596634624 
2.100000000000003 4.632406095883628E-6 0.7287428997137724 
2.2000000000000033 3.7256697696381695E-6 0.7373843907375784 
2.3000000000000034 2.996415357702247E-6 0.7458465983782694 
2.4000000000000035 2.409903257508955E-6 0.7541270509585828 
2.5000000000000036 1.9381935915159808E-6 0.7622237284929165 
2.6000000000000036 1.5588152925374505E-6 0.7701350499286274 
2.7000000000000037 1.2536956816093433E-6 0.7778598588130673 
2.800000000000004 1.0082995565540117E-6 0.7853974075844851 
2.900000000000004 8.109367861966854E-7 0.792747340683822 
3.000000000000004 6.522054299515187E-7 0.7999096766810571 
3.100000000000004 5.245438570335663E-7 0.8068847896043928 
3.200000000000004 4.218705310329514E-7 0.8136733896534512 
3.3000000000000043 3.39294301116669E-7 0.8202765034690606 
3.4000000000000044 2.728813994844384E-7 0.8266954541224106 
3.5000000000000044 2.1946804579832402E-7 0.8329318409755894 
3.6000000000000045 1.7650973175143838E-7 0.8389875195540523 
3.7000000000000046 1.4196000619433792E-7 0.8448645815596247 
3.8000000000000047 1.1417298651152544E-7 0.8505653351404259 
3.900000000000005 9.182495216445803E-8 0.8560922855218173 
4.000000000000004 7.385128532369582E-8 0.8614481160902895 
