-4.0 -4.0 0.09294819912916616 0.9808432274114072 
-4.0 -3.0 0.09294819912916616 0.96199373808119 
-4.0 -2.0 0.09294819912916616 0.9259964743339 
-4.0 -1.0 0.09294819912916616 0.8608368934248039 
-4.0 0.0 0.09294819912916616 0.753572808034961 
-4.0 1.0 0.09294819912916616 0.6018692452819162 
-4.0 2.0 0.09294819912916616 0.42770042534914754 
-4.0 3.0 0.09294819912916616 0.2697800301885586 
-4.0 4.0 0.09294819912916616 0.15443415602496166 
-3.0 -4.0 0.17800843045108217 0.9808432274114072 
-3.0 -3.0 0.17800843045108217 0.96199373808119 
-3.0 -2.0 0.17800843045108217 0.9259964743339 
-3.0 -1.0 0.17800843045108217 0.8608368934248039 
-3.0 0.0 0.17800843045108217 0.753572808034961 
-3.0 1.0 0.17800843045108217 0.6018692452819162 
-3.0 2.0 0.17800843045108217 0.42770042534914754 
-3.0 3.0 0.17800843045108217 0.2697800301885586 
-3.0 4.0 0.17800843045108217 0.15443415602496166 
-2.0 -4.0 0.3139662703977786 0.9808432274114072 
-2.0 -3.0 0.3139662703977786 0.96199373808119 
-2.0 -2.0 0.3139662703977786 0.9259964743339 
-2.0 -1.0 0.3139662703977786 0.8608368934248039 
-2.0 0.0 0.3139662703977786 0.753572808034961 
-2.0 1.0 0.3139662703977786 0.6018692452819162 
-2.0 2.0 0.3139662703977786 0.42770042534914754 
-2.0 3.0 0.3139662703977786 0.2697800301885586 
-2.0 4.0 0.3139662703977786 0.15443415602496166 
-1.0 -4.0 0.49165496491556965 0.9808432274114072 
-1.0 -3.0 0.49165496491556965 0.96199373808119 
-1.0 -2.0 0.49165496491556965 0.9259964743339 
-1.0 -1.0 0.49165496491556965 0.8608368934248039 
-1.0 0.0 0.49165496491556965 0.753572808034961 
-1.0 1.0 0.49165496491556965 0.6018692452819162 
-1.0 2.0 0.49165496491556965 0.42770042534914754 
-1.0 3.0 0.49165496491556965 0.2697800301885586 
-1.0 4.0 0.49165496491556965 0.15443415602496166 
0.0 -4.0 0.6714774059867118 0.9808432274114072 
0.0 -3.0 0.6714774059867118 0.96199373808119 
0.0 -2.0 0.6714774059867118 0.9259964743339 
0.0 -1.0 0.6714774059867118 0.8608368934248039 
0.0 0.0 0.6714774059867118 0.753572808034961 
0.0 1.0 0.6714774059867118 0.6018692452819162 
0.0 2.0 0.6714774059867118 0.42770042534914754 
0.0 3.0 0.6714774059867118 0.2697800301885586 
0.0 4.0 0.6714774059867118 0.15443415602496166 
1.0 -4.0 0.8120113527330284 0.9808432274114072 
1.0 -3.0 0.8120113527330284 0.96199373808119 
1.0 -2.0 0.8120113527330284 0.9259964743339 
1.0 -1.0 0.8120113527330284 0.8608368934248039 
1.0 0.0 0.8120113527330284 0.753572808034961 
1.0 1.0 0.8120113527330284 0.6018692452819162 
1.0 2.0 0.8120113527330284 0.42770042534914754 
1.0 3.0 0.8120113527330284 0.2697800301885586 
1.0 4.0 0.8120113527330284 0.15443415602496166 
2.0 -4.0 0.9012677498544266 0.9808432274114072 
2.0 -3.0 0.9012677498544266 0.96199373808119 
2.0 -2.0 0.9012677498544266 0.9259964743339 
2.0 -1.0 0.9012677498544266 0.8608368934248039 
2.0 0.0 0.9012677498544266 0.753572808034961 
2.0 1.0 0.9012677498544266 0.6018692452819162 
2.0 2.0 0.9012677498544266 0.42770042534914754 
2.0 3.0 0.9012677498544266 0.2697800301885586 
2.0 4.0 0.9012677498544266 0.15443415602496166 
3.0 -4.0 0.9507175384357902 0.9808432274114072 
3.0 -3.0 0.9507175384357902 0.96199373808119 
3.0 -2.0 0.9507175384357902 0.9259964743339 
3.0 -1.0 0.9507175384357902 0.8608368934248039 
3.0 0.0 0.9507175384357902 0.753572808034961 
3.0 1.0 0.9507175384357902 0.6018692452819162 
3.0 2.0 0.9507175384357902 0.42770042534914754 
3.0 3.0 0.9507175384357902 0.2697800301885586 
3.0 4.0 0.9507175384357902 0.15443415602496166 
4.0 -4.0 0.9760584429799749 0.9808432274114072 
4.0 -3.0 0.9760584429799749 0.96199373808119 
4.0 -2.0 0.9760584429799749 0.9259964743339 
4.0 -1.0 0.9760584429799749 0.8608368934248039 
4.0 0.0 0.9760584429799749 0.753572808034961 
4.0 1.0 0.9760584429799749 0.6018692452819162 
4.0 2.0 0.9760584429799749 0.42770042534914754 
4.0 3.0 0.9760584429799749 0.2697800301885586 
4.0 4.0 0.9760584429799749 0.15443415602496166 
