0 345.3247328753303
1 309.76446017793967
2 266.74314268765215
3 217.7297521819487
4 174.1814035195706
5 140.43238645564986
6 114.99045982648046
7 95.42438980593238
8 80.7005658731648
9 69.75891707269984
10 61.47811942607493
11 55.01303694692971
12 49.78872789041655
13 45.43973035389254
14 41.73487005777973
15 38.52358307201935
16 35.703936543549545
17 33.204081452018755
18 30.97131771723171
19 28.96547582625497
20 27.154800437595433
21 25.51331423724242
22 24.019073404557993
23 22.652976063265317
24 21.397949804481648
25 20.238491033070243
26 19.160709124406115
27 18.153220912174895
28 17.209116706417507
29 16.327960742218785
30 15.514634226975488
31 14.773262131143667
32 14.10158909661302
33 13.492043528919
34 12.936265329736191
35 12.427411561923703
36 11.96011277470955
37 11.529977100959567
38 11.133285525744723
39 10.766898785488003
40 10.42859587322757
41 10.122393088969018
42 9.91981143038126
43 10.675854889066999
44 19.89012130569565
45 32.892915720229254
46 20.338189692641546
47 13.250918384479542
48 11.32645273836952
49 10.711150816588225
50 10.189655307788133
51 9.733410127429066
52 9.328145396918936
53 8.9673180120972
54 8.647178792848273
55 8.364985913948562
56 8.118946585038383
57 7.906960435555331
58 7.724622052557594
59 7.56550944600015
60 7.423458321412033
61 7.294021649638415
62 7.174374891482492
63 7.062713794559737
64 6.957807374651282
65 6.858756230695325
66 6.7648654216389
67 6.675574749369183
68 6.590417971985113
69 6.5089984505531735
70 6.4309732007092375
71 6.356042917151043
72 6.283944110797428
73 6.2144446915225675
74 6.147339144066243
75 6.082449600969717
76 6.019630634497068
77 5.958816994715981
78 5.900215865458929
79 5.845221911479325
80 5.80079733665645
81 5.798581596690032
82 5.988782861274399
83 6.704280507911728
84 8.219550165551443
85 6.616982216875446
86 7.226008149902389
87 5.9280590674531455
88 6.050403576600129
89 5.8726787747418125
90 6.126789319776375
91 5.852580095434244
92 6.102550264779853
93 5.736704474760663
94 5.920679833461257
95 5.614099922549677
96 5.762498356846117
97 5.513244276015252
98 5.646881511713751
99 5.426779398980654
