-4.0 -4.0 -23.38721369436159
-4.0 -3.0 -16.10327920606331
-4.0 -2.0 -6.734952316471191
-4.0 -1.0 4.851774477564226
-4.0 0.0 18.265961214673936
-4.0 1.0 32.567565487130295
-4.0 2.0 46.759905602104396
-4.0 3.0 60.34337780510106
-4.0 4.0 73.27117376401844
-3.0 -4.0 -22.732673036864163
-3.0 -3.0 -16.811143423360676
-3.0 -2.0 -8.910878061267903
-3.0 -1.0 1.38458360397851
-3.0 0.0 14.155102235634846
-3.0 1.0 28.733179444741776
-3.0 2.0 43.83800171498447
-3.0 3.0 58.6592117817886
-3.0 4.0 72.92316132072534
-2.0 -4.0 -19.581091291014147
-2.0 -3.0 -15.241550398508373
-2.0 -2.0 -9.11779157611142
-2.0 -1.0 -0.7752391803537131
-2.0 0.0 10.462154718173954
-2.0 1.0 24.59603895500974
-2.0 2.0 39.7023765950288
-2.0 3.0 54.76669095704305
-2.0 4.0 69.4714502540533
-1.0 -4.0 -8.732239422563499
-1.0 -3.0 -7.745691312705682
-1.0 -2.0 -5.147835611144698
-1.0 -1.0 -0.8736724497643487
-1.0 0.0 6.533102906000048
-1.0 1.0 18.959099881579583
-1.0 2.0 32.83218335428941
-1.0 3.0 46.48197810700504
-1.0 4.0 59.8815387445057
0.0 -4.0 10.222414666101866
0.0 -3.0 6.270136621774429
0.0 -2.0 3.7088189053649607
0.0 -1.0 2.3866636297371806
0.0 0.0 3.5092392088302446
0.0 1.0 10.735901916991047
0.0 2.0 20.865283416396284
0.0 3.0 30.909844653500286
0.0 4.0 40.814277655707585
1.0 -4.0 25.25527418218748
1.0 -3.0 18.29725495886635
1.0 -2.0 11.95685394304582
1.0 -1.0 6.719000117716512
1.0 0.0 2.8641489248306913
1.0 1.0 3.301051597442473
1.0 2.0 7.569251932297058
1.0 3.0 12.562093647329757
1.0 4.0 17.654522114561154
2.0 -4.0 36.11230915042101
2.0 -3.0 28.104584777148432
2.0 -2.0 19.532158142953477
2.0 -1.0 11.796111943907283
2.0 0.0 4.561436202137153
2.0 1.0 -0.5960502413506887
2.0 2.0 -1.7751879986141499
2.0 3.0 -1.5960306150565577
2.0 4.0 -1.1438226302042187
3.0 -4.0 42.940868327959336
3.0 -3.0 34.79416698871991
3.0 -2.0 25.26884443019257
3.0 -1.0 16.286143776473626
3.0 0.0 7.269469325973545
3.0 1.0 -1.1286295117687324
3.0 2.0 -5.718375375010344
3.0 3.0 -8.661740365738954
3.0 4.0 -11.266988079274803
4.0 -4.0 46.92599098619039
4.0 -3.0 38.888570758909545
4.0 -2.0 29.061697371552285
4.0 -1.0 19.502421552466988
4.0 0.0 9.59663403653922
4.0 1.0 -0.10706696728217929
4.0 2.0 -5.860569613982827
4.0 3.0 -9.829779774874318
4.0 4.0 -13.435312323277913
