-4.0 -4.0 -23.299210892808468
-4.0 -3.0 -15.0474070349388
-4.0 -2.0 -5.824802723202117
-4.0 -1.0 4.368602042401587
-4.0 0.0 15.53280726187231
-4.0 1.0 27.667812935210055
-4.0 2.0 40.77361906241482
-4.0 3.0 54.850225643486596
-4.0 4.0 69.8976326784254
-3.0 -4.0 -25.20361763562135
-3.0 -3.0 -17.02947137541983
-3.0 -2.0 -7.492967405184725
-3.0 -1.0 3.4058942750839662
-3.0 0.0 15.667113665386244
-3.0 1.0 29.290690765722108
-3.0 2.0 44.27662557609156
-3.0 3.0 60.624918096494596
-3.0 4.0 78.33556832693122
-2.0 -4.0 -20.360480409547375
-2.0 -3.0 -14.422006956762724
-2.0 -2.0 -6.786826803182458
-2.0 -1.0 2.545060051193422
-2.0 0.0 13.573653606364916
-2.0 1.0 26.298953862332024
-2.0 2.0 40.72096081909475
-2.0 3.0 56.83967447665309
-2.0 4.0 74.65509483500703
-1.0 -4.0 -8.64477446256797
-1.0 -3.0 -6.7237134708861985
-1.0 -2.0 -2.8815914875226563
-1.0 -1.0 2.8815914875226563
-1.0 0.0 10.56583545424974
-1.0 1.0 20.171140412658595
-1.0 2.0 31.69750636274922
-1.0 3.0 45.144933304521615
-1.0 4.0 60.513421237975784
0.0 -4.0 8.0
0.0 -3.0 5.0
0.0 -2.0 4.0
0.0 -1.0 5.0
0.0 0.0 8.0
0.0 1.0 13.0
0.0 2.0 20.0
0.0 3.0 29.0
0.0 4.0 40.0
1.0 -4.0 25.93432338770391
1.0 -3.0 18.250079420976824
1.0 -2.0 12.48689644593151
1.0 -1.0 8.64477446256797
1.0 0.0 6.7237134708861985
1.0 1.0 6.7237134708861985
1.0 2.0 8.64477446256797
1.0 3.0 12.48689644593151
1.0 4.0 18.250079420976824
2.0 -4.0 40.72096081909475
2.0 -3.0 29.692367263923252
2.0 -2.0 20.360480409547375
2.0 -1.0 12.725300255967108
2.0 0.0 6.786826803182458
2.0 1.0 2.545060051193422
2.0 2.0 0.0
2.0 3.0 -0.8483533503978072
2.0 4.0 0.0
3.0 -4.0 48.36369870619232
3.0 -3.0 36.10247931589004
3.0 -2.0 25.20361763562135
3.0 -1.0 15.667113665386244
3.0 0.0 7.492967405184725
3.0 1.0 0.6811788550167932
3.0 2.0 -4.768251985117552
3.0 3.0 -8.855325115218312
3.0 4.0 -11.580040535285484
4.0 -4.0 46.598421785616935
4.0 -3.0 35.43421656614621
4.0 -2.0 25.240811800542506
4.0 -1.0 16.01820748880582
4.0 0.0 7.766403630936155
4.0 1.0 0.4854002269335097
4.0 2.0 -5.824802723202117
4.0 3.0 -11.164205219470723
4.0 4.0 -15.53280726187231
